20211227	994	1	1.7934415340423584	1.4931951761245728
20211227	994	2	1.217863917350769	0.98943030834198
20211227	994	3	0.7628525495529175	0.6949854493141174
20211227	994	4	0.5437466502189636	0.6758629679679871
20211227	994	5	0.39922839403152466	0.587664783000946
20211227	994	6	0.3256669044494629	0.5040404200553894
20211227	994	7	0.27773937582969666	0.32495155930519104
20211227	994	8	0.26993921399116516	0.5307084918022156
20211227	994	9	0.2147524654865265	0.5259556174278259
20211227	994	10	0.19431759417057037	0.37568700313568115
20211227	994	11	0.1678757220506668	0.38981175422668457
20211227	994	12	0.1567533165216446	0.45208740234375
20211227	994	13	0.13237977027893066	0.5813645124435425
20211227	994	14	0.12413930892944336	0.47067686915397644
20211227	994	15	0.12148917466402054	0.40951448678970337
20211227	994	16	0.10904039442539215	0.443282812833786
20211227	994	17	0.11567851901054382	0.36369556188583374
20211227	994	18	0.119306281208992	0.5741497874259949
20211227	994	19	0.09464205056428909	0.4989252984523773
20211227	994	20	0.08462444692850113	0.3264109492301941
20211227	994	21	0.10589975863695145	0.502787709236145
20211227	994	22	0.09350882470607758	0.524318277835846
20211227	994	23	0.10328042507171631	0.5078198313713074
20211227	994	24	0.06918375939130783	0.5572022795677185
20211227	994	25	0.06697844713926315	0.454865962266922
20211227	994	26	0.07868745177984238	0.533223032951355
20211227	994	27	0.08685114979743958	0.5455742478370667
20211227	994	28	0.08973586559295654	0.4864908754825592
20211227	994	29	0.07665348798036575	0.6403396725654602
20211227	994	30	0.06477198749780655	0.3524273931980133
20211227	994	31	0.09226136654615402	0.42017173767089844
20211227	994	32	0.06671025604009628	0.47041672468185425
20211227	994	33	0.04918654263019562	0.45507320761680603
20211227	994	34	0.054619524627923965	0.6767601370811462
20211227	994	35	0.11107922345399857	0.46869534254074097
20211227	994	36	0.08115006238222122	0.4684053659439087
20211227	994	37	0.06801658123731613	0.4259278476238251
20211227	994	38	0.05333526432514191	0.39180639386177063
20211227	994	39	0.059676170349121094	0.2725055515766144
20211227	994	40	0.023331638425588608	0.39377737045288086
20211227	994	41	0.056910041719675064	0.32227325439453125
20211227	994	42	0.034375205636024475	0.3588079810142517
20211227	994	43	0.03232454136013985	0.26574140787124634
20211227	994	44	0.04580078646540642	0.5032199025154114
20211227	994	45	0.06568312644958496	0.4056412875652313
20211227	994	46	0.02721807360649109	0.41816896200180054
20211227	994	47	0.05976312980055809	0.494701623916626
20211227	994	48	0.018809068948030472	0.4662879407405853
20211227	994	49	0.052254654467105865	0.46933093667030334
20211227	994	50	0.04826781153678894	0.6941996812820435
20211227	994	51	0.0304331686347723	0.5485272407531738
20211227	994	52	0.03796470910310745	0.8208184838294983
20211227	994	53	0.05492043495178223	0.5827483534812927
20211227	994	54	0.014242400415241718	0.5130423903465271
20211227	994	55	0.04281262680888176	0.4395059645175934
20211227	994	56	0.03200699761509895	0.3999616205692291
20211227	994	57	0.017103286460042	0.6593620777130127
20211227	994	58	0.028346417471766472	0.813343346118927
20211227	994	59	0.0471353642642498	0.3443567156791687
20211227	994	60	0.022720256820321083	0.41151121258735657
20211227	994	61	0.016302330419421196	0.44452622532844543
20211227	994	62	0.039646606892347336	0.36794495582580566
20211227	994	63	0.03063424862921238	0.3813938498497009
20211227	994	64	0.03913906216621399	0.6582764983177185
20211227	994	65	0.019449153915047646	0.5544109344482422
20211227	994	66	0.02956540137529373	0.4955970048904419
20211227	994	67	0.016618629917502403	0.5700483322143555
20211227	994	68	0.01117012184113264	0.42767998576164246
20211227	994	69	0.033453866839408875	0.34671613574028015
20211227	994	70	0.02009790576994419	0.4923122823238373
20211227	994	71	0.01766963116824627	0.31613045930862427
20211227	994	72	0.03892386704683304	0.5701541900634766
20211227	994	73	0.005137980915606022	0.4595564901828766
20211227	994	74	0.05018981918692589	0.7132033109664917
20211227	994	75	0.02033885009586811	0.44500303268432617
20211227	994	76	0.037805262953042984	0.36471548676490784
20211227	994	77	0.053192753344774246	0.4209357500076294
20211227	994	78	0.01295401155948639	0.3893955647945404
20211227	994	79	0.018679121509194374	0.4873436391353607
20211227	994	80	0.023332543671131134	0.6684697866439819
20211227	994	81	0.04365689679980278	0.574193000793457
20211227	994	82	0.033236365765333176	0.35586264729499817
20211227	994	83	0.005643527489155531	0.3321409821510315
20211227	994	84	0.021449515596032143	0.4047451615333557
20211227	994	85	0.008990286849439144	0.413953959941864
20211227	994	86	0.016536694020032883	0.3895535469055176
20211227	994	87	0.030869299545884132	0.6391503214836121
20211227	994	88	0.00936643872410059	0.6304687857627869
20211227	994	89	0.014617498964071274	0.7076412439346313
20211227	994	90	0.006255590822547674	0.8538802266120911
20211227	994	91	0.023078566417098045	0.3832389712333679
20211227	994	92	0.04113544896245003	0.6671499013900757
20211227	994	93	0.045814577490091324	0.7450164556503296
20211227	994	94	0.02377157472074032	0.38267701864242554
20211227	994	95	0.027492964640259743	0.5243383646011353
20211227	994	96	0.015007670037448406	0.6271185278892517
20211227	994	97	0.026927907019853592	0.6474114060401917
20211227	994	98	0.003468009876087308	0.7307683825492859
20211227	994	99	0.012307736091315746	0.9002084136009216
20211227	994	100	0.01118635106831789	0.6554750204086304
20211227	994	1	0.17858785390853882	0.07204493135213852
20211227	994	2	0.05722904950380325	0.1610642969608307
20211227	994	3	0.08450774103403091	0.11007485538721085
20211227	994	4	0.06944095343351364	0.14597271382808685
20211227	994	5	0.0755714625120163	0.08781944960355759
20211227	994	6	0.10044831037521362	0.16487999260425568
20211227	994	7	0.05334729701280594	0.09379982203245163
20211227	994	8	0.06650672107934952	0.02922155149281025
20211227	994	9	0.04484100267291069	0.14731714129447937
20211227	994	10	0.09316717833280563	0.17504875361919403
20211227	994	11	0.06280974298715591	0.05452040582895279
20211227	994	12	0.031850460916757584	0.0730171799659729
20211227	994	13	0.07016010582447052	0.10850149393081665
20211227	994	14	0.06182558089494705	0.0635259747505188
20211227	994	15	0.05386907234787941	0.08311041444540024
20211227	994	16	0.018939606845378876	0.028738534078001976
20211227	994	17	0.03454224392771721	0.10406090319156647
20211227	994	18	0.02849927544593811	0.1698923408985138
20211227	994	19	0.0433441698551178	0.1518559753894806
20211227	994	20	0.05275615304708481	0.07641725987195969
20211227	994	21	0.02049957774579525	0.0908723697066307
20211227	994	22	0.009221450425684452	0.13739041984081268
20211227	994	23	0.020275529474020004	0.09720402956008911
20211227	994	24	0.040074314922094345	0.11967099457979202
20211227	994	25	0.006516517139971256	0.21311797201633453
20211227	994	26	0.025203421711921692	0.2973339855670929
20211227	994	27	0.00586209911853075	0.17117246985435486
20211227	994	28	0.040093470364809036	0.16105204820632935
20211227	994	29	0.01576039008796215	0.19967412948608398
20211227	994	30	0.060456909239292145	0.1770418882369995
20211227	994	31	0.03432786464691162	0.1617242693901062
20211227	994	32	0.027639219537377357	0.2559951841831207
20211227	994	33	0.019608840346336365	0.2424657642841339
20211227	994	34	0.02052184008061886	0.2044258713722229
20211227	994	35	0.02964271418750286	0.10597674548625946
20211227	994	36	0.026011917740106583	0.06385432928800583
20211227	994	37	0.02507684752345085	0.23343995213508606
20211227	994	38	0.01798984408378601	0.27771586179733276
20211227	994	39	0.017204420641064644	0.12938660383224487
20211227	994	40	0.00489379744976759	0.039890486747026443
20211227	994	41	0.05100972577929497	0.08182467520236969
20211227	994	42	0.01382005400955677	0.23450638353824615
20211227	994	43	0.026037350296974182	0.18250951170921326
20211227	994	44	0.005877465475350618	0.19273124635219574
20211227	994	45	0.015709685161709785	0.32057854533195496
20211227	994	46	0.03641405701637268	0.20344898104667664
20211227	994	47	0.0331396758556366	0.15714536607265472
20211227	994	48	0.02063089609146118	0.10406941920518875
20211227	994	49	0.012705795466899872	0.06688567250967026
20211227	994	50	0.034847479313611984	0.3206949532032013
20211227	994	51	0.005439382046461105	0.1843000054359436
20211227	994	52	0.003627074183896184	0.04569658264517784
20211227	994	53	0.010532551445066929	0.3977424204349518
20211227	994	54	0.021312382072210312	0.2288990467786789
20211227	994	55	0.023171868175268173	0.21967588365077972
20211227	994	56	0.04122909903526306	0.3079867959022522
20211227	994	57	0.024137621745467186	0.13465616106987
20211227	994	58	0.04120934382081032	0.4252936840057373
20211227	994	59	0.004413043148815632	0.16985975205898285
20211227	994	60	0.010075114667415619	0.06805510073900223
20211227	994	61	0.020264510065317154	0.09618263691663742
20211227	994	62	0.023162852972745895	0.26507264375686646
20211227	994	63	0.013978462666273117	0.26352038979530334
20211227	994	64	0.0038291707169264555	0.043649401515722275
20211227	994	65	0.07304583489894867	0.08680607378482819
20211227	994	66	0.015120884403586388	0.16110356152057648
20211227	994	67	0.00532938539981842	0.02394532598555088
20211227	994	68	0.016700182110071182	0.08798572421073914
20211227	994	69	0.0169410090893507	0.14848794043064117
20211227	994	70	0.0368431992828846	0.07546967267990112
20211227	994	71	0.01873786933720112	0.19862739741802216
20211227	994	72	0.013070357032120228	0.3418963551521301
20211227	994	73	0.0026710827369242907	0.4272316098213196
20211227	994	74	0.054338425397872925	0.07524599134922028
20211227	994	75	0.018469616770744324	0.21704532206058502
20211227	994	76	0.0028244175482541323	0.21500878036022186
20211227	994	77	0.017018485814332962	0.09500961005687714
20211227	994	78	0.027729053050279617	0.1775294542312622
20211227	994	79	0.010282034985721111	0.3013635277748108
20211227	994	80	0.012955782003700733	0.2320612072944641
20211227	994	81	0.01527903601527214	0.19849704205989838
20211227	994	82	0.010538000613451004	0.18344135582447052
20211227	994	83	0.007381737697869539	0.14815203845500946
20211227	994	84	0.015672875568270683	0.3255842924118042
20211227	994	85	0.020967330783605576	0.1008557379245758
20211227	994	86	0.02073259837925434	0.1487983763217926
20211227	994	87	0.03667010739445686	0.29286351799964905
20211227	994	88	0.012903491035103798	0.31999239325523376
20211227	994	89	0.028263956308364868	0.27865973114967346
20211227	994	90	0.025583665817975998	0.053846053779125214
20211227	994	91	0.033447377383708954	0.13611122965812683
20211227	994	92	0.004733867011964321	0.19262345135211945
20211227	994	93	0.012033275328576565	0.20697133243083954
20211227	994	94	0.0005686648073606193	0.5051921010017395
20211227	994	95	0.016615016385912895	0.26153016090393066
20211227	994	96	0.016482168808579445	0.19634179770946503
20211227	994	97	0.023205947130918503	0.14521142840385437
20211227	994	98	0.009192352183163166	0.33091771602630615
20211227	994	99	0.023512158542871475	0.12646488845348358
20211227	994	100	0.02103326842188835	0.2587420344352722
20211227	992	1	0.07960575073957443	0.0032747192308306694
20211227	992	2	0.06566815078258514	0.010878796689212322
20211227	992	3	0.03981728106737137	0.03385413438081741
20211227	992	4	0.06001005321741104	0.02170744352042675
20211227	992	5	0.008771452121436596	0.014063049107789993
20211227	992	6	0.013336149975657463	0.06557278335094452
20211227	992	7	0.04831235110759735	0.021141409873962402
20211227	992	8	0.01337815448641777	9.764877177076414e-05
20211227	992	9	0.03406587988138199	0.0001581320830155164
20211227	992	10	0.01645830273628235	0.024129817262291908
20211227	992	11	0.009572995826601982	0.0343971773982048
20211227	992	12	0.007885335013270378	0.028971049934625626
20211227	992	13	0.05032837390899658	0.02701062709093094
20211227	992	14	0.03589210659265518	0.0054854885675013065
20211227	992	15	0.030119596049189568	0.17494498193264008
20211227	992	16	0.04371136426925659	0.057734593749046326
20211227	992	17	0.027828268706798553	0.002614531898871064
20211227	992	18	0.018026238307356834	0.003717063693329692
20211227	992	19	0.012898487970232964	0.0003662996459752321
20211227	992	20	0.0009814781369641423	0.026468923315405846
20211227	992	21	0.027954241260886192	0.06860627233982086
20211227	992	22	0.022663414478302002	0.1277141124010086
20211227	992	23	0.022839674726128578	0.024357296526432037
20211227	992	24	0.007602962199598551	0.005367482081055641
20211227	992	25	0.014554384164512157	0.04992523044347763
20211227	992	26	0.024616766721010208	0.009014739654958248
20211227	992	27	0.040302880108356476	0.017001179978251457
20211227	992	28	0.004958617500960827	0.12358883768320084
20211227	992	29	0.02338528074324131	0.013875341042876244
20211227	992	30	0.012664507143199444	0.1520771086215973
20211227	992	31	0.029945729300379753	0.0327448695898056
20211227	992	32	0.0009746517753228545	0.0082177072763443
20211227	992	33	0.003361404873430729	0.020391862839460373
20211227	992	34	0.012006174772977829	0.09104165434837341
20211227	992	35	0.0011606704210862517	0.004938699305057526
20211227	992	36	0.013896231539547443	0.01963738724589348
20211227	992	37	0.0005448724259622395	0.00013421392941381782
20211227	992	38	0.035874735563993454	0.0954807922244072
20211227	992	39	0.00775789562612772	0.009679431095719337
20211227	992	40	0.0041674361564219	0.04611542448401451
20211227	992	41	0.001061340095475316	0.07373867183923721
20211227	992	42	0.021591290831565857	0.13245704770088196
20211227	992	43	0.017351368442177773	0.12719346582889557
20211227	992	44	0.023474348708987236	0.07557288557291031
20211227	992	45	0.015047292225062847	0.07215452194213867
20211227	992	46	0.009712183848023415	0.13011261820793152
20211227	992	47	0.013941037468612194	0.038632676005363464
20211227	992	48	0.021945443004369736	0.08632655441761017
20211227	992	49	0.007291145157068968	0.16049115359783173
20211227	992	50	0.03979077935218811	0.056949466466903687
20211227	992	51	0.0013197481166571379	0.025926562026143074
20211227	992	52	0.014402945525944233	0.12612545490264893
20211227	992	53	0.0015477932756766677	0.14284898340702057
20211227	992	54	0.006793924141675234	0.0653238371014595
20211227	992	55	0.009143729694187641	0.019224993884563446
20211227	992	56	0.011079763062298298	0.1907098889350891
20211227	992	57	0.013932822272181511	0.05820515379309654
20211227	992	58	0.008605415932834148	0.11075422167778015
20211227	992	59	0.0016455537406727672	0.021104343235492706
20211227	992	60	0.002569942967966199	0.043070096522569656
20211227	992	61	0.005305455066263676	0.002994406735524535
20211227	992	62	0.0032650928478688	0.06227988377213478
20211227	992	63	0.007846743799746037	0.03225647658109665
20211227	992	64	0.006148034241050482	0.15179190039634705
20211227	992	65	0.01436231005936861	0.021843038499355316
20211227	992	66	0.005861982703208923	0.0035450125578790903
20211227	992	67	0.006387578323483467	0.12185216695070267
20211227	992	68	0.020486153662204742	0.016664322465658188
20211227	992	69	0.04669227823615074	0.049858372658491135
20211227	992	70	0.005697974469512701	0.07846049964427948
20211227	992	71	0.00620521605014801	0.08475454151630402
20211227	992	72	0.021246813237667084	0.06361299753189087
20211227	992	73	0.02422090247273445	0.18067733943462372
20211227	992	74	0.009603774175047874	0.0291135273873806
20211227	992	75	0.006343040615320206	0.0018846362363547087
20211227	992	76	0.0170025285333395	0.05954577028751373
20211227	992	77	0.011130932718515396	0.05651799216866493
20211227	992	78	0.013580246828496456	0.05309341475367546
20211227	992	79	0.033255867660045624	0.0055160000920295715
20211227	992	80	0.007034582551568747	0.05793502926826477
20211227	992	81	6.34267707937397e-05	0.1475984752178192
20211227	992	82	0.009316976182162762	0.14588485658168793
20211227	992	83	0.016984200105071068	0.05309225618839264
20211227	992	84	0.0006591501296497881	0.014037658460438251
20211227	992	85	0.008355203084647655	0.03791070729494095
20211227	992	86	0.025368696078658104	0.1551680713891983
20211227	992	87	0.03290308266878128	0.04071498662233353
20211227	992	88	0.00893669668585062	0.019968215376138687
20211227	992	89	0.022445280104875565	0.10506163537502289
20211227	992	90	0.019025100395083427	0.05964714661240578
20211227	992	91	0.023358207195997238	0.019012734293937683
20211227	992	92	0.006000664085149765	0.022362977266311646
20211227	992	93	0.027482308447360992	0.0816507488489151
20211227	992	94	0.013489616103470325	0.009725769981741905
20211227	992	95	0.006275332532823086	0.02824941650032997
20211227	992	96	0.0040265703573822975	0.12055886536836624
20211227	992	97	0.022168131545186043	0.0018733309116214514
20211227	992	98	0.01766420155763626	0.040842004120349884
20211227	992	99	0.007861752063035965	0.0005142032168805599
20211227	992	100	0.004222936928272247	0.1488794982433319
20220102	1020	1	0.04383835569024086	0.02210157737135887
20220102	1020	2	0.08165932446718216	0.021406101062893867
20220102	1020	3	0.033448439091444016	8.762982179177925e-05
20220102	1020	4	0.032191164791584015	0.02584126591682434
20220102	1020	5	0.0592593215405941	0.014987829141318798
20220102	1020	6	0.03952574357390404	0.05183864012360573
20220102	1020	7	0.030970672145485878	0.0015366002917289734
20220102	1020	8	0.06832864135503769	6.677697456325404e-06
20220102	1020	9	0.03689805045723915	0.08941781520843506
20220102	1020	10	0.023814596235752106	7.776221173116937e-05
20220102	1020	11	0.006945514120161533	0.03119993768632412
20220102	1020	12	0.033356331288814545	1.0489415217307396e-05
20220102	1020	13	0.025638585910201073	6.549209501827136e-05
20220102	1020	14	0.023310579359531403	0.02059796452522278
20220102	1020	15	0.0325753390789032	0.06004560366272926
20220102	1020	16	0.015791790559887886	0.007554113864898682
20220102	1020	17	0.012777281925082207	0.007294549141079187
20220102	1020	18	0.0027095803525298834	0.03420529142022133
20220102	1020	19	0.02105332911014557	0.0021259523928165436
20220102	1020	20	0.0027034038212150335	0.00017104909056797624
20220102	1020	21	0.019149327650666237	0.011121579445898533
20220102	1020	22	0.025313926860690117	0.010468881577253342
20220102	1020	23	0.033690158277750015	0.0004569781885948032
20220102	1020	24	0.017996137961745262	0.03676924109458923
20220102	1020	25	0.06265676766633987	0.03063380718231201
20220102	1020	26	0.07381643354892731	0.03871144354343414
20220102	1020	27	0.005793362390249968	0.000748085614759475
20220102	1020	28	0.01504313200712204	0.06967129558324814
20220102	1020	29	0.02801388129591942	0.0013760620495304465
20220102	1020	30	0.07775967568159103	3.530308458721265e-05
20220102	1020	31	0.021954858675599098	0.004318891558796167
20220102	1020	32	0.036348678171634674	0.008853553794324398
20220102	1020	33	0.013509084470570087	0.08162865042686462
20220102	1020	34	0.010564358904957771	0.005349942948669195
20220102	1020	35	0.043668705970048904	0.04085111990571022
20220102	1020	36	0.005178820341825485	0.022914279252290726
20220102	1020	37	0.015460376627743244	0.013799939304590225
20220102	1020	38	0.022486453875899315	0.026358868926763535
20220102	1020	39	0.02509273774921894	0.0012877684785053134
20220102	1020	40	0.01949179917573929	0.023055359721183777
20220102	1020	41	0.04029260575771332	0.05596157908439636
20220102	1020	42	0.016796179115772247	3.0815222999081016e-05
20220102	1020	43	0.01823732815682888	0.00029656291007995605
20220102	1020	44	0.01136077381670475	1.8972499447045266e-06
20220102	1020	45	0.01416341494768858	0.03455032780766487
20220102	1020	46	0.0016052786959335208	0.029108887538313866
20220102	1020	47	0.009593051858246326	0.0010789376683533192
20220102	1020	48	0.012783610261976719	0.009255342185497284
20220102	1020	49	0.025382354855537415	0.09285750985145569
20220102	1020	50	0.0010873600840568542	0.00026513784541748464
20220102	1020	51	0.02522771805524826	0.0004647077585104853
20220102	1020	52	0.012869715690612793	2.5007369913510047e-05
20220102	1020	53	0.018364908173680305	0.03412504121661186
20220102	1020	54	0.008743396028876305	0.11014598608016968
20220102	1020	55	0.0034073141869157553	0.04197666049003601
20220102	1020	56	0.025564268231391907	0.0010528694838285446
20220102	1020	57	0.0022833957336843014	0.07183173298835754
20220102	1020	58	0.026542579755187035	0.051781199872493744
20220102	1020	59	0.01279850210994482	0.0003429367206990719
20220102	1020	60	0.026430627331137657	0.05370963364839554
20220102	1020	61	0.005162654910236597	0.03346575051546097
20220102	1020	62	0.0016417360166087747	0.13035745918750763
20220102	1020	63	0.048817481845617294	0.019963616505265236
20220102	1020	64	0.023592649027705193	5.800899089081213e-05
20220102	1020	65	0.007898799143731594	0.06618697196245193
20220102	1020	66	0.004565292503684759	0.039434727281332016
20220102	1020	67	0.008870547637343407	0.03742874041199684
20220102	1020	68	0.042461760342121124	0.11189167201519012
20220102	1020	69	0.0007698288536630571	0.0002379105135332793
20220102	1020	70	0.002945072017610073	0.005302798002958298
20220102	1020	71	0.0155562162399292	1.1196249033673666e-05
20220102	1020	72	0.0224916934967041	0.022322775796055794
20220102	1020	73	0.023716330528259277	0.00471416674554348
20220102	1020	74	0.00150053680408746	0.011431217193603516
20220102	1020	75	0.019434327259659767	0.04044920951128006
20220102	1020	76	0.018662478774785995	0.029935626313090324
20220102	1020	77	0.0016246886225417256	0.01182244811207056
20220102	1020	78	0.015711311250925064	5.129897908773273e-05
20220102	1020	79	0.014524064026772976	4.056705165567109e-06
20220102	1020	80	0.026373067870736122	0.0008417631033807993
20220102	1020	81	0.012886670418083668	0.00016105764370877296
20220102	1020	82	0.020263127982616425	0.005733799189329147
20220102	1020	83	0.0013089642161503434	0.004213287960737944
20220102	1020	84	0.03269050270318985	0.0003553082933649421
20220102	1020	85	0.01688363030552864	5.883905032533221e-05
20220102	1020	86	0.011057932861149311	0.04971076175570488
20220102	1020	87	0.019549556076526642	0.000422424083808437
20220102	1020	88	0.0031125901732593775	0.09953303635120392
20220102	1020	89	0.015141887590289116	0.03318963199853897
20220102	1020	90	0.004923659842461348	2.0997391402488574e-05
20220102	1020	91	0.009303771890699863	0.0264445748180151
20220102	1020	92	0.026357559487223625	0.0008107633329927921
20220102	1020	93	0.02909689024090767	0.06616688519716263
20220102	1020	94	0.01801261305809021	0.0009485325426794589
20220102	1020	95	0.0207673329859972	0.0007910288986749947
20220102	1020	96	0.031939826905727386	4.2740422941278666e-05
20220102	1020	97	0.004885164089500904	0.0005483391578309238
20220102	1020	98	0.030845994129776955	0.021862788125872612
20220102	1020	99	0.019576989114284515	8.981247810879722e-05
20220102	1020	100	0.008601892739534378	0.11049152910709381
20220103	1133	1	0.03944753110408783	0.28266748785972595
20220103	1133	2	0.06201835721731186	0.29495030641555786
20220103	1133	3	0.025288399308919907	0.38837212324142456
20220103	1133	4	0.016965486109256744	0.22566434741020203
20220103	1133	5	0.00643877312541008	0.21762898564338684
20220103	1133	6	0.04339630901813507	0.30024394392967224
20220103	1133	7	0.026090135797858238	0.2117302417755127
20220103	1133	8	0.014962287619709969	0.20182377099990845
20220103	1133	9	0.018628032878041267	0.3297404944896698
20220103	1133	10	0.03670366853475571	0.2912377715110779
20220103	1133	11	0.0062616923823952675	0.3127903938293457
20220103	1133	12	0.02620038017630577	0.3090873956680298
20220103	1133	13	0.0009377080714330077	0.3147973120212555
20220103	1133	14	0.006418021861463785	0.33094167709350586
20220103	1133	15	0.003759724088013172	0.4014261066913605
20220103	1133	16	0.021330244839191437	0.457438200712204
20220103	1133	17	0.023012490943074226	0.3145749270915985
20220103	1133	18	0.011615289375185966	0.33100685477256775
20220103	1133	19	0.0467718169093132	0.3196636438369751
20220103	1133	20	0.016833262518048286	0.2941281795501709
20220103	1133	21	0.025898586958646774	0.3977924883365631
20220103	1133	22	0.03255288675427437	0.3186582326889038
20220103	1133	23	0.011353139765560627	0.3927910625934601
20220103	1133	24	0.02574809268116951	0.2855832874774933
20220103	1133	25	0.014825110323727131	0.22260694205760956
20220103	1133	26	0.020405661314725876	0.4103432893753052
20220103	1133	27	0.005602960474789143	0.47542211413383484
20220103	1133	28	0.004550800193101168	0.2666233479976654
20220103	1133	29	0.02107832580804825	0.3794631063938141
20220103	1133	30	0.02473638765513897	0.256977379322052
20220103	1133	31	0.03396192565560341	0.3781552314758301
20220103	1133	32	0.030815212056040764	0.3255288302898407
20220103	1133	33	0.0023557713720947504	0.35594502091407776
20220103	1133	34	0.009493659250438213	0.3720012903213501
20220103	1133	35	0.00928159337490797	0.3986676037311554
20220103	1133	36	0.013795857317745686	0.2869863212108612
20220103	1133	37	0.007003928069025278	0.38188114762306213
20220103	1133	38	0.007076833862811327	0.30465540289878845
20220103	1133	39	0.015246025286614895	0.4080307185649872
20220103	1133	40	0.03366035223007202	0.3079083561897278
20220103	1133	41	0.0061243269592523575	0.3798598647117615
20220103	1133	42	0.00554078770801425	0.42371833324432373
20220103	1133	43	0.0030710785649716854	0.3285813629627228
20220103	1133	44	0.014629559591412544	0.27071383595466614
20220103	1133	45	0.00010515526082599536	0.4035433232784271
20220103	1133	46	0.028748666867613792	0.4017167389392853
20220103	1133	47	0.004971424583345652	0.37419864535331726
20220103	1133	48	0.0026199184358119965	0.2147689312696457
20220103	1133	49	0.0018654043087735772	0.2580976188182831
20220103	1133	50	0.004992419853806496	0.37436071038246155
20220103	1133	51	0.0033498734701424837	0.20105226337909698
20220103	1133	52	0.001903691329061985	0.3619717061519623
20220103	1133	53	0.0021805299911648035	0.5340836048126221
20220103	1133	54	0.003541107289493084	0.4307171106338501
20220103	1133	55	0.0007719201967120171	0.2896002233028412
20220103	1133	56	0.023098399862647057	0.29521605372428894
20220103	1133	57	0.027205094695091248	0.5618789792060852
20220103	1133	58	0.021548891440033913	0.27299293875694275
20220103	1133	59	1.3588793080998585e-05	0.3125244379043579
20220103	1133	60	0.0018620771588757634	0.2898046672344208
20220103	1133	61	0.002975268755108118	0.4207371175289154
20220103	1133	62	0.0019451447296887636	0.28183308243751526
20220103	1133	63	0.000986579223535955	0.40063393115997314
20220103	1133	64	0.011664072051644325	0.29766547679901123
20220103	1133	65	0.03345034644007683	0.31894388794898987
20220103	1133	66	0.016338974237442017	0.34124231338500977
20220103	1133	67	0.0035795418079942465	0.29530274868011475
20220103	1133	68	0.021452387794852257	0.2708219587802887
20220103	1133	69	0.006037810817360878	0.4203581213951111
20220103	1133	70	0.00014758424367755651	0.36889007687568665
20220103	1133	71	0.004100799560546875	0.3518345057964325
20220103	1133	72	0.010849228128790855	0.39188769459724426
20220103	1133	73	0.015202214941382408	0.2503490447998047
20220103	1133	74	0.011556493118405342	0.39129847288131714
20220103	1133	75	0.03494604304432869	0.4480976462364197
20220103	1133	76	0.02093769982457161	0.4877764880657196
20220103	1133	77	0.002486063167452812	0.38170966506004333
20220103	1133	78	0.006512475665658712	0.37223416566848755
20220103	1133	79	0.00014503509737551212	0.38546422123908997
20220103	1133	80	0.01612205058336258	0.30509892106056213
20220103	1133	81	0.0026899813674390316	0.6125842928886414
20220103	1133	82	0.002818061038851738	0.25648027658462524
20220103	1133	83	0.0005572958034463227	0.37321892380714417
20220103	1133	84	0.019945053383708	0.4030885100364685
20220103	1133	85	0.013202110305428505	0.3437516391277313
20220103	1133	86	0.023509850725531578	0.35886165499687195
20220103	1133	87	0.019235514104366302	0.3696437180042267
20220103	1133	88	0.0003515740972943604	0.42269545793533325
20220103	1133	89	0.009655728936195374	0.3833121061325073
20220103	1133	90	0.006009314674884081	0.2335929572582245
20220103	1133	91	0.017151059582829475	0.3096643090248108
20220103	1133	92	0.0003181221545673907	0.6001132726669312
20220103	1133	93	0.01595550775527954	0.2807309627532959
20220103	1133	94	0.002205298049375415	0.2834443747997284
20220103	1133	95	0.001386854681186378	0.3360254764556885
20220103	1133	96	0.007069320417940617	0.30272576212882996
20220103	1133	97	0.00012738943041767925	0.4145118296146393
20220103	1133	98	0.00019258777319919318	0.4042912721633911
20220103	1133	99	0.0022569980937987566	0.384362131357193
20220103	1133	100	0.0008066204027272761	0.22891220450401306
20220103	1132	1	0.0387323834002018	0.0025809588842093945
20220103	1132	2	0.0014984204899519682	7.134416955523193e-05
20220103	1132	3	0.007175481412559748	5.00696332892403e-05
20220103	1132	4	0.015590894035995007	5.186325506656431e-05
20220103	1132	5	0.0028160663787275553	0.00891613494604826
20220103	1132	6	0.0005306838429532945	9.76738883764483e-05
20220103	1132	7	0.07535577565431595	0.035312000662088394
20220103	1132	8	0.02778042107820511	0.006161150056868792
20220103	1132	9	0.006207938306033611	0.00027904752641916275
20220103	1132	10	0.04745902121067047	6.580271929124137e-06
20220103	1132	11	0.009021029807627201	0.023516833782196045
20220103	1132	12	0.002340108621865511	0.00962162483483553
20220103	1132	13	1.6653184502501972e-05	0.00022274114598985761
20220103	1132	14	0.01547878049314022	2.6149848508794094e-06
20220103	1132	15	0.005146825686097145	0.002818688051775098
20220103	1132	16	0.0012275633634999394	7.079398346832022e-05
20220103	1132	17	0.016877416521310806	0.01503237895667553
20220103	1132	18	0.0036489423364400864	0.03635331243276596
20220103	1132	19	0.026517465710639954	0.015188723802566528
20220103	1132	20	0.002014219993725419	0.034751757979393005
20220103	1132	21	0.004452256951481104	0.020640971139073372
20220103	1132	22	0.013853981159627438	0.02939123474061489
20220103	1132	23	0.013527383096516132	0.021879825741052628
20220103	1132	24	0.0203129630535841	0.028222795575857162
20220103	1132	25	0.0025572762824594975	6.5400458879594225e-06
20220103	1132	26	3.299689706182107e-05	0.012010733596980572
20220103	1132	27	0.007754326798021793	0.00645493296906352
20220103	1132	28	0.004399492405354977	0.022682080045342445
20220103	1132	29	2.766907709883526e-05	0.00041792180854827166
20220103	1132	30	0.0023122699931263924	0.0014587860787287354
20220103	1132	31	2.898024467867799e-05	0.00607324531301856
20220103	1132	32	0.006362426560372114	0.051279161125421524
20220103	1132	33	0.0033497153781354427	0.002977183321490884
20220103	1132	34	0.002320753876119852	0.017227230593562126
20220103	1132	35	0.016362829133868217	0.002752227708697319
20220103	1132	36	0.020093711093068123	0.007361388765275478
20220103	1132	37	0.00013222369307186455	0.003374003106728196
20220103	1132	38	0.004622082691639662	0.06020832061767578
20220103	1132	39	0.009359319694340229	0.007592111360281706
20220103	1132	40	0.005679425783455372	0.03291105851531029
20220103	1132	41	0.042748644948005676	0.029543887823820114
20220103	1132	42	0.0019788783974945545	0.001146674738265574
20220103	1132	43	0.037171218544244766	0.0006065749330446124
20220103	1132	44	0.02755049057304859	0.07265394926071167
20220103	1132	45	4.8445221182191744e-05	0.056452393531799316
20220103	1132	46	0.009662632830440998	0.019315239042043686
20220103	1132	47	0.001210152986459434	0.02242334559559822
20220103	1132	48	0.03970801830291748	9.501786735199858e-06
20220103	1132	49	0.020893815904855728	0.00018668221309781075
20220103	1132	50	0.007982397451996803	0.06340533494949341
20220103	1132	51	3.0749277357244864e-05	0.00143997382838279
20220103	1132	52	0.0016773937968537211	0.026769809424877167
20220103	1132	53	0.005778273567557335	0.023989534005522728
20220103	1132	54	6.970798858674243e-05	4.533496394287795e-06
20220103	1132	55	0.00010857651068363339	9.089037121157162e-06
20220103	1132	56	0.0023691109381616116	0.0014083567075431347
20220103	1132	57	0.014597877860069275	2.126600156771019e-05
20220103	1132	58	3.954632848035544e-05	0.023936834186315536
20220103	1132	59	0.0028150277212262154	0.0025144442915916443
20220103	1132	60	0.01584853231906891	0.07220341265201569
20220103	1132	61	0.02080015279352665	0.007070618215948343
20220103	1132	62	0.00641174940392375	0.0023790679406374693
20220103	1132	63	0.009137297049164772	0.006063275970518589
20220103	1132	64	0.007396422792226076	0.0006181341013871133
20220103	1132	65	0.0011375402100384235	0.035336922854185104
20220103	1132	66	0.001635572174564004	0.055374570190906525
20220103	1132	67	0.005890693515539169	0.017146483063697815
20220103	1132	68	0.03941034898161888	0.02699766494333744
20220103	1132	69	1.7574135199538432e-05	3.468184149824083e-05
20220103	1132	70	0.009811735711991787	1.6882909221749287e-06
20220103	1132	71	0.00041033796151168644	0.05418006703257561
20220103	1132	72	3.060405651922338e-05	0.03298139199614525
20220103	1132	73	0.007069677114486694	0.0010157300857827067
20220103	1132	74	0.0031865898054093122	0.0034203222021460533
20220103	1132	75	0.02719358168542385	0.0012646284885704517
20220103	1132	76	0.0029938516672700644	0.15341120958328247
20220103	1132	77	0.00311440322548151	0.023148484528064728
20220103	1132	78	0.022834638133645058	0.0637095645070076
20220103	1132	79	0.014414697885513306	0.08140940219163895
20220103	1132	80	7.428996923408704e-06	0.008532628417015076
20220103	1132	81	0.011637682095170021	0.0071107205003499985
20220103	1132	82	0.033769115805625916	0.0009967697551473975
20220103	1132	83	0.00014338250912260264	0.010324767790734768
20220103	1132	84	0.0020062830299139023	7.98684050096199e-06
20220103	1132	85	1.2370627700875048e-05	0.04483136907219887
20220103	1132	86	5.2671937737613916e-05	1.7137597751570866e-05
20220103	1132	87	0.0015950285596773028	0.00040413151145912707
20220103	1132	88	0.000266024173470214	0.025081204250454903
20220103	1132	89	9.33328628889285e-05	0.0072789546102285385
20220103	1132	90	1.9605542547651567e-05	0.0002490017213858664
20220103	1132	91	0.0012099710293114185	0.06250926107168198
20220103	1132	92	0.0003516373108141124	0.004384085536003113
20220103	1132	93	0.0038449966814368963	0.09857571125030518
20220103	1132	94	0.03811373561620712	0.1511293351650238
20220103	1132	95	0.014347664080560207	0.011224932968616486
20220103	1132	96	0.0008273181738331914	0.002478635171428323
20220103	1132	97	0.02435011975467205	7.422830822179094e-05
20220103	1132	98	0.011900847777724266	0.03208567202091217
20220103	1132	99	0.006953459698706865	0.0032480196096003056
20220103	1132	100	0.0048422664403915405	0.0561903677880764
20220105	1229	1	0.20640325546264648	0.14080719649791718
20220105	1229	2	0.14987191557884216	0.07812434434890747
20220105	1229	3	0.08407610654830933	0.012571248225867748
20220105	1229	4	0.04044868424534798	0.04175417125225067
20220105	1229	5	0.009365656413137913	0.015868473798036575
20220105	1229	6	0.08867517113685608	0.20351044833660126
20220105	1229	7	0.09784529358148575	0.023399781435728073
20220105	1229	8	0.04881976544857025	0.07947694510221481
20220105	1229	9	0.019608236849308014	0.006337570026516914
20220105	1229	10	0.02897951938211918	0.1744527518749237
20220105	1229	11	0.018492979928851128	0.10791145265102386
20220105	1229	12	0.0356854572892189	0.00350207113660872
20220105	1229	13	0.011569864116609097	0.04693254828453064
20220105	1229	14	0.06806962192058563	0.021167932078242302
20220105	1229	15	0.01608191430568695	0.10493172705173492
20220105	1229	16	0.01090475358068943	0.1083805039525032
20220105	1229	17	0.04217385873198509	0.017016539350152016
20220105	1229	18	0.037133924663066864	0.012068071402609348
20220105	1229	19	0.006607390008866787	0.037537723779678345
20220105	1229	20	0.033661019057035446	0.03239547088742256
20220105	1229	21	0.050132639706134796	0.05911966785788536
20220105	1229	22	0.010161619633436203	0.04221109673380852
20220105	1229	23	0.029559262096881866	0.07496904581785202
20220105	1229	24	0.04192487522959709	0.09502095729112625
20220105	1229	25	0.016334153711795807	0.009989540092647076
20220105	1229	26	0.014941718429327011	0.07139597833156586
20220105	1229	27	0.01609683409333229	0.10742374509572983
20220105	1229	28	0.02770678699016571	0.03938554972410202
20220105	1229	29	0.04709019139409065	0.031224209815263748
20220105	1229	30	0.0038851022254675627	0.0807579904794693
20220105	1229	31	0.006510299630463123	0.1952652484178543
20220105	1229	32	0.04252476990222931	0.13762715458869934
20220105	1229	33	0.015985703095793724	0.011416617780923843
20220105	1229	34	0.023784833028912544	0.1604958325624466
20220105	1229	35	0.019681867212057114	0.04216159135103226
20220105	1229	36	0.012974407523870468	0.035762935876846313
20220105	1229	37	0.019881080836057663	0.012971790507435799
20220105	1229	38	0.022268090397119522	0.03435402363538742
20220105	1229	39	0.016689160838723183	0.009648274630308151
20220105	1229	40	0.001010387553833425	0.02632281184196472
20220105	1229	41	0.010423358529806137	0.01601100154221058
20220105	1229	42	0.0019826421048492193	0.05358585715293884
20220105	1229	43	0.005768503062427044	0.005126281641423702
20220105	1229	44	0.033952049911022186	0.1255006194114685
20220105	1229	45	0.01298399269580841	0.14005392789840698
20220105	1229	46	0.006012366618961096	0.03144386410713196
20220105	1229	47	0.016345757991075516	0.22056569159030914
20220105	1229	48	0.016282618045806885	0.1314840018749237
20220105	1229	49	4.5851000322727486e-05	0.08523424714803696
20220105	1229	50	0.010918711312115192	0.09692730009555817
20220105	1229	51	0.014392863027751446	0.11454594135284424
20220105	1229	52	0.0070182872004806995	0.17712578177452087
20220105	1229	53	0.00951413158327341	0.0026459109503775835
20220105	1229	54	0.00087349908426404	0.02298765629529953
20220105	1229	55	0.004780755843967199	0.08860372751951218
20220105	1229	56	0.007908075116574764	0.03948467597365379
20220105	1229	57	0.021085314452648163	0.06953952461481094
20220105	1229	58	0.004592846613377333	0.09932409971952438
20220105	1229	59	0.006293985992670059	0.04592134803533554
20220105	1229	60	0.0009361273259855807	0.015200885944068432
20220105	1229	61	0.003844974096864462	0.08490318804979324
20220105	1229	62	0.051464080810546875	0.0407523550093174
20220105	1229	63	0.004553259816020727	1.5229335076583084e-05
20220105	1229	64	0.007089815102517605	0.06354060024023056
20220105	1229	65	0.015602324157953262	0.032014936208724976
20220105	1229	66	0.006130723282694817	0.12364915758371353
20220105	1229	67	0.013025087304413319	0.10904824733734131
20220105	1229	68	0.035684533417224884	0.08384077250957489
20220105	1229	69	0.025129569694399834	0.08581189066171646
20220105	1229	70	0.004450169391930103	0.0001733764074742794
20220105	1229	71	0.032634805887937546	0.09605349600315094
20220105	1229	72	0.020530011504888535	0.06273563951253891
20220105	1229	73	0.005011618137359619	0.014744720421731472
20220105	1229	74	0.021047329530119896	0.03518475592136383
20220105	1229	75	0.01679116114974022	0.019082270562648773
20220105	1229	76	0.01510858628898859	0.0338173545897007
20220105	1229	77	2.3348467948380858e-05	0.01206960342824459
20220105	1229	78	0.011925706639885902	0.0019905762746930122
20220105	1229	79	0.027220159769058228	0.048487018793821335
20220105	1229	80	0.034525200724601746	0.03790178894996643
20220105	1229	81	0.006429451983422041	0.019690874963998795
20220105	1229	82	0.009342352859675884	0.08039876073598862
20220105	1229	83	0.03967832028865814	0.007906915619969368
20220105	1229	84	0.0009493701509200037	0.07558277994394302
20220105	1229	85	0.04344221577048302	0.04398590698838234
20220105	1229	86	0.004858795553445816	0.000860359228681773
20220105	1229	87	0.006587219424545765	0.2624891698360443
20220105	1229	88	0.005545439198613167	0.11666763573884964
20220105	1229	89	0.011180894449353218	0.14619717001914978
20220105	1229	90	0.01857314631342888	0.10013670474290848
20220105	1229	91	0.003771277843043208	0.12185449153184891
20220105	1229	92	0.004647103603929281	0.13000479340553284
20220105	1229	93	0.01646280288696289	0.010389480739831924
20220105	1229	94	0.002587112132459879	0.14090676605701447
20220105	1229	95	0.025988154113292694	0.23899640142917633
20220105	1229	96	0.010141187347471714	0.029469288885593414
20220105	1229	97	0.03709670901298523	0.03794434294104576
20220105	1229	98	0.008181413635611534	0.022662704810500145
20220105	1229	99	0.00017171741637866944	0.007502800785005093
20220105	1229	100	0.001559378462843597	0.1139230877161026
